135 63 32 32 1
195 1 32 32 2
138 108 32 32 3
131 249 32 32 4
154 361 32 32 5
53 261 32 32 6
328 304 32 32 7
186 255 32 32 8
46 121 32 32 9
201 117 32 32 10
490 187 32 32 11
286 137 32 32 12
0 319 32 32 13
94 109 32 32 14
203 110 32 32 15
420 222 32 32 16
417 288 32 32 17
179 131 32 32 18
360 291 32 32 19
370 382 32 32 20
203 52 32 32 21
244 306 32 32 22
386 337 32 32 23
496 138 32 32 24
515 243 32 32 25
12 294 32 32 26
364 330 32 32 27
493 236 32 32 28
491 170 32 32 29
160 38 32 32 30
78 270 32 32 31
475 308 32 32 32
515 229 32 32 33
304 198 32 32 34
109 346 32 32 35
6 59 32 32 36
298 293 32 32 37
90 320 32 32 38
427 255 32 32 39
353 60 32 32 40
43 379 32 32 41
465 10 32 32 42
84 206 32 32 43
193 150 32 32 44
406 110 32 32 45
205 30 32 32 46
208 105 32 32 47
262 84 32 32 48
389 377 32 32 49
488 103 32 32 50
164 333 32 32 51
71 191 32 32 52
138 113 32 32 53
153 107 32 32 54
525 236 32 32 55
406 155 32 32 56
197 150 32 32 57
397 174 32 32 58
405 8 32 32 59
367 195 32 32 60
494 48 32 32 61
71 352 32 32 62
3 395 32 32 63
97 372 32 32 64
56 310 32 32 65
170 20 32 32 66
6 230 32 32 67
409 264 32 32 68
300 85 32 32 69
341 198 32 32 70
377 208 32 32 71
248 177 32 32 72
234 327 32 32 73
289 27 32 32 74
378 147 32 32 75
36 321 32 32 76
299 252 32 32 77
129 13 32 32 78
148 58 32 32 79
